000001010000010100000101000001010000010100000101000001010000010100000101000001010000010100000101000001010000010100000101000001010000010100000101000001010000010100000101000001010000010100000101000001010000010100000101000001010000010100000101000001010000010100000000
000001010000010100000101000001010000010100000101000001010000010100000101000001010000010100000101000001010000010100000101000001010000010100000101000001010000010100000101000001010000010100000101000001010000010100000101000001010000010100000101000001010000010100000000
000001010000010100000101000001010000010100000101000001010000010100000101000001010000010100000101000001010000010100000101000001010000010100000101000001010000010100000101000001010000010100000101000001010000010100000101000001010000010100000101000001010000010100000000
000001010000010100000101000001010000010100000101000001010000010100000101000001010000010100000101000001010000010100000101000001010000010100000101000001010000010100000101000001010000010100000101000001010000010100000101000001010000010100000101000001010000010100000000
000001010000010100000101000001010000010100000101000001010000010100000101000001010000010100000101000001010000010100000101000001010000010100000101000001010000010100000101000001010000010100000101000001010000010100000101000001010000010100000101000001010000010100000000
000001010000010100000101000001010000010100000101000001010000010100000101000001010000010100000101000001010000010100000101000001010000010100000101000001010000010100000101000001010000010100000101000001010000010100000101000001010000010100000101000001010000010100000000
000001010000010100000101000001010000010100000101000001010000010100000101000001010000010100000101000001010000010100000101000001010000010100000101000001010000010100000101000001010000010100000101000001010000010100000101000001010000010100000101000001010000010100000000
000001010000010100000101000001010000010100000101000001010000010100000101000001010000010100000101000001010000010100000101000001010000010100000101000001010000010100000101000001010000010100000101000001010000010100000101000001010000010100000101000001010000010100000000
000001010000010100000101000001010000010100000101000001010000010100000101000001010000010100000101000001010000010100000101000001010000010100000101000001010000010100000101000001010000010100000101000001010000010100000101000001010000010100000101000001010000010100000000
000001010000010100000101000001010000010100000101000001010000010100000101000001010000010100000101000001010000010100000101000001010000010100000101000001010000010100000101000001010000010100000101000001010000010100000101000001010000010100000101000001010000010100000000
000001010000010100000101000001010000010100000101000001010000010100000101000001010000010100000101000001010000010100000101000001010000010100000101000001010000010100000101000001010000010100000101000001010000010100000101000001010000010100000101000001010000010100000000
000001010000010100000101000001010000010100000101000001010000010100000101000001010000010100000101000001010000010100000101000001010000010100000101000001010000010100000101000001010000010100000101000001010000010100000101000001010000010100000101000001010000010100000000
000001010000010100000101000001010000010100000101000001010000010100000101000001010000010100000101000001010000010100000101000001010000010100000101000001010000010100000101000001010000010100000101000001010000010100000101000001010000010100000101000001010000010100000000
000001010000010100000101000001010000010100000101000001010000010100000101000001010000010100000101000001010000010100000101000001010000010100000101000001010000010100000101000001010000010100000101000001010000010100000101000001010000010100000101000001010000010100000000
000001010000010100000101000001010000010100000101000001010000010100000101000001010000010100000101000001010000010100000101000001010000010100000101000001010000010100000101000001010000010100000101000001010000010100000101000001010000010100000101000001010000010100000000
000001010000010100000101000001010000010100000101000001010000010100000101000001010000010100000101000001010000010100000101000001010000010100000101000001010000010100000101000001010000010100000101000001010000010100000101000001010000010100000101000001010000010100000000
000001010000010100000101000001010000010100000101000001010000010100000101000001010000010100000101000001010000010100000101000001010000010100000101000001010000010100000101000001010000010100000101000001010000010100000101000001010000010100000101000001010000010100000000
000001010000010100000101000001010000010100000101000001010000010100000101000001010000010100000101000001010000010100000101000001010000010100000101000001010000010100000101000001010000010100000101000001010000010100000101000001010000010100000101000001010000010100000000
000001010000010100000101000001010000010100000101000001010000010100000101000001010000010100000101000001010000010100000101000001010000010100000101000001010000010100000101000001010000010100000101000001010000010100000101000001010000010100000101000001010000010100000000
000001010000010100000101000001010000010100000101000001010000010100000101000001010000010100000101000001010000010100000101000001010000010100000101000001010000010100000101000001010000010100000101000001010000010100000101000001010000010100000101000001010000010100000000
000001010000010100000101000001010000010100000101000001010000010100000101000001010000010100000101000001010000010100000101000001010000010100000101000001010000010100000101000001010000010100000101000001010000010100000101000001010000010100000101000001010000010100000000
000001010000010100000101000001010000010100000101000001010000010100000101000001010000010100000101000001010000010100000101000001010000010100000101000001010000010100000101000001010000010100000101000001010000010100000101000001010000010100000101000001010000010100000000
000001010000010100000101000001010000010100000101000001010000010100000101000001010000010100000101000001010000010100000101000001010000010100000101000001010000010100000101000001010000010100000101000001010000010100000101000001010000010100000101000001010000010100000000
000001010000010100000101000001010000010100000101000001010000010100000101000001010000010100000101000001010000010100000101000001010000010100000101000001010000010100000101000001010000010100000101000001010000010100000101000001010000010100000101000001010000010100000000
000001010000010100000101000001010000010100000101000001010000010100000101000001010000010100000101000001010000010100000101000001010000010100000101000001010000010100000101000001010000010100000101000001010000010100000101000001010000010100000101000001010000010100000000
000001010000010100000101000001010000010100000101000001010000010100000101000001010000010100000101000001010000010100000101000001010000010100000101000001010000010100000101000001010000010100000101000001010000010100000101000001010000010100000101000001010000010100000000
000001010000010100000101000001010000010100000101000001010000010100000101000001010000010100000101000001010000010100000101000001010000010100000101000001010000010100000101000001010000010100000101000001010000010100000101000001010000010100000101000001010000010100000000
000001010000010100000101000001010000010100000101000001010000010100000101000001010000010100000101000001010000010100000101000001010000010100000101000001010000010100000101000001010000010100000101000001010000010100000101000001010000010100000101000001010000010100000000
000001010000010100000101000001010000010100000101000001010000010100000101000001010000010100000101000001010000010100000101000001010000010100000101000001010000010100000101000001010000010100000101000001010000010100000101000001010000010100000101000001010000010100000000
000001010000010100000101000001010000010100000101000001010000010100000101000001010000010100000101000001010000010100000101000001010000010100000101000001010000010100000101000001010000010100000101000001010000010100000101000001010000010100000101000001010000010100000000
000001010000010100000101000001010000010100000101000001010000010100000101000001010000010100000101000001010000010100000101000001010000010100000101000001010000010100000101000001010000010100000101000001010000010100000101000001010000010100000101000001010000010100000000
000001010000010100000101000001010000010100000101000001010000010100000101000001010000010100000101000001010000010100000101000001010000010100000101000001010000010100000101000001010000010100000101000001010000010100000101000001010000010100000101000001010000010100000000
