111111011110101110011000000000101110010101111111000000011100001101101011000001001110010110011111000000010010011100001010000000100100001101101011000000010110110000101100000000000010100010110000111111111101011110010000111110111100011011100101111111111100110101001110111111100111110101111110000001111011101000011010000000111000000000110101111111100100111110000000000000010011100111001110
111101001100101101111101111111001110110000001011111111001110101000110000111111000000111001011010111111011100101100011110000000101110101011000011000001000111110011100110000000100011101001001100000010000101001001011101111111110101111000010100111111000011110001000001111110111100100011110110111101110110100011101111000000011001101111111010000001011101010110110000000000101011111111001101
000001000110110001010111000010111111100111100110111111011111110011100100000000000000001000110010111111110110100110110110111110011111001111000110000000111111011001100101111111000111010101011001111111011100010101100001111111011011001000111100111111101001011111010100000000001111110000001001111100101111111010000000111111110000110011011111000010000111010001101100000001011011101001111001
000001000110000100000011111111011111100100010110111110001100110110010101111111101010010101001111111111100111101010110011000001001010011110100010111111000110111001110010000001110111110101110000111111010101001010101110000000101000000011011000000010101100101000111000000001000000000011001101111111001010010010110101111111110001011011010001111110001101001001011101111110110111011011110010
111111011000100111000111111111011111000100000101000000110101111011011011111111111000101011101101111111001101111010100100111111001010111000111100000001010010100110110101111111001111100110100010111111100101010110010100000010110101011000111110111111101011111001100010000000100011010000101100111110011100110011101110111110010000101011100100111110010100101010101111111110011001111000000110
000000111100001111101000111110100001101110100101111111110110011010011010111111000101100011010100000001001000101101000101111110110110000000110100111111110100000110100111111110000001000101101011111111011101100000100101000000001001001011001101111111101100111111010000000000010111101010001001111111100001001010101010111111101101111001101010000001101000110101001100111110011101011111100100
000000010011111001000001111111010111000010111100000001000010111110101110111111100001010110101001111110111111001000001000111111001111110111101011111111010000111111101111000000101000000100010001000000001001001100010000000000010011000110000110000000111110000011011110111111100101101010100100111111110010101000010110000011000101000010100100000000000101101100110101000000011101010011001000
111111100100101101011101111111010001001101001111000000111011100110100101111111100101110110010101111111110100010001010111000000011111100011101001111110010010100111010011000001001101110010001100000001100011010011100100000001010001001000111110111110111011001010101000111111101101001110010011111101100101011011101110111111101000000001001000111110110110111011100000000000011001111010000001
000000011010100110010101111110111110101101000000111110111111101011110010000000100111111110000011000000100000101001011011111111111000000011100100111110111110101010100110111111110110011001111100000000101110001010111001000010001011000111101000111100100011111111111010111111001100111001000111111111000010111101100000111111110110110110011100000000011010000111101001111111000101010010000101
111111000101100000011001111101110010100110110000000000100000011111100100000000110100010110001100000000000000100011110100111111110101001111110111111101111111011100111100000000101000001110011101000010100100110110111111111101101011111101011011000010011110011111000100000001001100111100110100111110100100100000101000111110011001111111101000000001010000111100001101111111110110100100010101
000000001110000101001001000000100011010001000010000000010011100011110000000001110011111001111011000000011001111111011010000000011010001111111100111110101100110001101001000001011110000111000001000000111111111010110111000000011010101100011010000001000001110111001000111111000101101101100010000001011110000000010100000001011011010010111011000000001110111101111001111111110011000001011111
111111001110010100000101111111101100011010111010111110101110100110010011000000111010101011110111000000010101000000100111000001001111011001111101111111000001001110101000111111101111000000010000111111101110010100111001000001111010010001000111000000001001000111110100000000100001010100111000111101110100100111100110000001000001001111011011000000011110110111110111111111110010111010111110
111110111111110010111110000000010101001111000100111111010101010110101010000000011010110101110011111111101110110011001000000001011010001101000010111101101110010011110110000000110111110010110101000010100001101001101111000000011110011001100000000000001101011110010001111111100011011100110000000000000000011001010101111110100000110111011000000000000110011001110100000000110001101110111011
000001001111001110001011111111001110010111001001111111000010110100011101111111001100011001101001111111010100001110110000000000110111001110110001000000010111110111010111111110110101110001100100000000010111011001110101111111100100100010111011000000011000110111011000000000011010110001001111000000000011011010000101111110001110000101111010111111010000010010110000000010110000100100011000
000001010001110111000000111110111001110110001010000001011011111010011010000010000100010101110011111111111110110010001111111111100110110110001000111110011101110110011000111110111010110111010101000000001101010111110000111101101111100101000001111111010101101011010000111111101001111100111100000001111100101111101000000000010010010100000110000001010001001111100100111111100000101100111010
111110001110110010100010111100100010111100100100111111101001000000010111111111100001001101110011000000110111110100100001000001101101111011100111000000001111101100111011111111001011100000010000111101111011100111001111111111110000011000010100000000000011111010111011000001111010111000111000111111001110101001110011111111001111010010011001111110110010000100011011000010100010111111111110
