001000111001100101100111000101010001100111100101000111000001111100110100000111111001001110011111001000110010101100010111001011101111001001010101001011100110011100011000000110011010101011110111000110010100111101000001001010001101001001100000000100000010001001000110001001111000001100110101001001111110001010100101001000101110001000010110001101000001100010100001001011001110110011110101
001010010110100010101011000101011011111110100001000110110010101010001000001001010010101101101011000110110000010010000110001100000011011111111110001011000111000101110000000111011010011101001001000100011101001110000011001011010000010100101001000110101010001011111100001001010010011101001111001001100010100111110001000110111010010001111100001000011000001111001100001011001111001011100111
000001100010010000101000111111000011110010111001111101111010110110111010111110011011101101100100000010000010001011110110000011110101111101111000000010111100001101100010111110111111001010100100111111110100011100110101000010111011101000110111111110001010000010011001000000100110001001110100000010010100100101110001000001100001001000110101000110010100100110011100000010110101101011000011
111101001101010110100111111110111001000001000000111010100101010011101100000000101000101010001110111101100001100000011101000010011110101000111000000010110110101010000000111101000100000111011110111101100110110010110001000011100111001000000011111110010101100111111011111111011110000101100010111111010100000100100010000010001111000011001010000001001001011101001010000101001100010000001111
001000101110001110111111000101101001011010111001000111110110000110110011000110110110000110001110000111100111001101011011001011110001111100100110001101110101000111001011000111011111010011101001001000101000100001110100001001000000101101000000000101110100101110000100000111011011111111111111000111111111100100111101001001011100101000101100001010001110111000001111001010011001000010011001
001000110100000001011001001001010110111111001101000101111110101110101111000110111111101000110010001000001010110010001101001110001110111010101010001011110001000110101111000110001001111101111010000110001111001000010100001100101000010011001000000110111000111101011101001000000111110100100111000111101111011011100001001010111110111100110000001110010101010101101010001101101110101010110100
000111110101111001010111000010100011110000110011000010011110010011100110000101001000001111100110000101001000111000010100001010100001101000110010000111110111111110110010000010101010111111001110000010110110000000000111001001101001100011110111000010100000011001010100000110011111011010100001000110011111000000011000000011111100010111001001001001000010110111010011001101100001110101111000
000101000000000101001100000011000001111100101100000011000001110011101001000101110001100100111100000111010101111000011100001001110110000110111111000111110111101111000000000001101000111100000010000011011001001111111000000101011011100100001011000011010010010100101110000101100010000101100110000011010001101100011101000101010111000010100000001101000111010111110010001100000011011110000011
000101011001000000110110000010111101001011111000000000010101001010000101000001111101001011001110000011111110111101110011001000101001111111100110000111110011100000111001000011110110100110000111000101101100001101111011001001111110110010101100000001101100000110101110001000011010101101110011000111111000100111000000000110001100000010010111001000001001000101000000001001110010110110001100
000100101010001111010110000100001110000110111110000000000110000100111100000101101100001110010011000100101010110010000110001010001011101001001010000111100010101101000110000100000110101100011011000011111010110001011110000110111111101101111001000011001011011001011111000110011011011011010001000110100111110000001011000101100011010101111100001000101010001101001011001000001000110000011110
001010100011011111000001000101110111010010010101000110100010010000101000000110010101110111001101001000011000001010011111001110000110100101101111001010100001101011011000000111010101000101001111000101011011000011110110001010011000011000001001000110101011101011111100001011011001000011011001001000011101011010111010000111001110110100000010001100011111000011011011001100100100111100110011
001011011010111100100111001010011110010110010001001001010000110001101111001101001101000010010110001000100101000101100110001111100100011001011100001110111110111100100111001101000111111010000111001001100011010010001010001111001010011010110011001011001111111111000001001111001001111111110100001110000110111000111011001100001111010001011111001111000011110111101100010000110100010100110101
000100110111101001001001000001111101111110101001000000010011110100101101000010011011110111010011000011000110010110001111000101010111011000001000001001101011100110100011000011100100001001110110000001100111010001100111000111001010010001111111111110111101000010110101000101001001111110001101000000101001011000011111000010111011100111001000001000100001000011100111000111000110000110101000
000101100111110101110100000101000001001101011011000100111110101111100011000101100011101010100001000100100000000101000111001001100011000011001100001001111111101010111000000101111010010011100110000011011110111000000011000110101010011110101001000011011111111101001110001000011101110100110010000101011101111011011100000110111100111011011000001010110100111100110110001101010101000110101011
000010101010110110000010000010001100011111110101000001001010111111011000000100111101001010000111000011010000000001110100000111100111100110100011000110111100101010001111000010000010000111011001000010111101110111010101001001000000100111001100000011101101011010000010000101101110101111001111000100111110111010000011000100011000010011101001001000111000100101001001001001101010001010101101
000100011011100001101111000001010011010100011001000001110010010111111110000010010000110110111010000100001100111010001010001000100111110010111101000110101110011011100001000101010000110011101000000000010100011110110111001000111001111001110100000001001110011001011100000111111011011000011100000111000001100011011011000100110000110100101000000111100110000101011101001001100010010100100000
