0.000000 5.077499 0.630393 7.944199 5.782519 0.000000 0.000000 7.272654 0.000000 0.000000 0.000000 2.452594 0.000000 0.000000 0.030729 3.374770 7.413144 16.651520 11.897560 0.000000 4.400137 7.730151 0.000000 0.000000 7.291129 0.000000 0.000000 0.000000 0.000000 1.477706 0.000000 0.000000 0.000000 0.000000 0.000000 0.000000 0.000000 0.000000 0.000000 0.000000 21.018914 8.678019 2.611933 14.719830 19.428078 0.966663 0.551745 5.772055 30.197380 1.392435 5.696442 0.000000 0.000000 0.000000 9.630747 0.935950 3.032962 0.000000 0.000000 0.000000 0.000000 0.000000 0.000000 10.149110
7.287412 7.722600 0.000000 0.000000 6.663374 19.436509 15.041058 0.000000 0.508335 0.746089 0.000000 0.000000 4.100573 2.073901 0.000000 3.436117 0.000000 0.000000 3.307690 0.000000 1.547892 5.280538 0.000000 8.932411 0.000000 1.075406 0.000000 5.351860 0.000000 0.610180 0.000000 3.277102 0.000000 0.000000 0.809873 9.864587 0.000000 11.881646 0.000000 0.000000 10.824418 4.729082 11.130760 10.704712 10.634441 22.814516 4.275459 0.000000 11.268183 1.982900 0.000000 9.803184 0.000000 0.000000 0.000000 0.000000 0.000000 0.000000 0.000000 19.175953 0.000000 0.247912 13.942599 0.000000
15.222304 2.421956 10.090986 0.000000 10.337940 15.014464 5.850065 0.000000 0.000000 0.791665 0.000000 0.000000 0.000000 0.000000 0.000000 0.104197 0.000000 18.695327 5.219934 6.693589 0.000000 20.344042 4.966401 0.000000 0.000000 0.000000 0.000000 12.074748 0.000000 7.266022 0.000000 0.000000 6.312409 0.000000 0.000000 1.426261 0.000000 0.000000 1.959095 7.702616 0.775872 0.000000 0.000000 0.000000 0.000000 0.000000 11.902134 7.687489 7.350085 13.284177 0.000000 0.000000 0.000000 0.000000 0.000000 0.000000 0.000000 5.706905 0.000000 0.000000 9.113440 5.032363 0.000000 0.000000
7.880946 18.821718 1.752903 18.995150 19.672478 4.028325 0.000000 9.108966 0.000000 6.540315 0.000000 0.000000 3.425654 0.200460 0.000000 0.000000 0.000000 0.000000 4.100811 0.000000 4.640891 9.589398 8.806673 0.000000 0.000000 19.570374 10.836235 11.854920 0.000000 3.246548 0.000000 9.250333 2.114756 0.000000 10.106032 0.000000 6.529036 13.585804 0.000000 0.000000 13.942126 15.160655 12.254045 15.738005 5.059802 0.000000 10.440807 11.044666 0.000000 0.000000 0.000000 0.000000 11.928312 5.377189 0.000000 0.000000 0.000000 1.410332 21.296657 0.000000 13.571211 0.000000 0.000000 2.375859
5.711277 0.000000 3.341596 0.000000 7.722517 0.000000 4.281798 6.987550 0.000000 0.000000 0.000000 8.793603 0.000000 0.000000 10.101005 0.000000 7.984348 10.298210 0.000000 3.732114 6.421388 0.000000 0.000000 9.967985 3.416738 9.784224 3.143079 0.000000 2.140048 0.000000 13.495156 0.000000 10.121255 0.000000 21.855342 0.000000 13.163384 14.328235 0.000000 21.863833 15.428783 0.000000 6.997341 0.000000 0.000000 0.000000 0.000000 0.000000 0.000000 10.440245 8.207472 8.348965 2.886546 0.000000 6.372495 0.000000 9.668400 0.000000 0.000000 0.000000 0.000000 0.000000 0.000000 8.088981
0.000000 0.000000 0.000000 7.691480 7.767758 0.000000 5.951955 0.000000 2.306732 0.000000 6.100227 8.991521 0.000000 18.552911 0.000000 0.000000 0.000000 0.000000 1.432300 0.000000 12.845238 0.000000 2.983618 15.366491 0.000000 0.000000 0.000000 26.163256 8.544544 3.836002 10.468315 0.000000 0.000000 0.000000 0.000000 9.065430 2.513670 10.243051 2.590783 1.847532 5.877762 2.435704 0.000000 0.000000 0.000000 0.000000 0.000000 0.000000 0.000000 0.000000 0.000000 0.000000 0.000000 0.000000 0.000000 3.514031 3.712877 5.318423 0.000000 0.000000 6.039538 0.000000 0.820008 6.817521
0.000000 3.027356 0.000000 0.000000 0.000000 0.000000 11.948060 17.799023 0.000000 3.166414 8.387105 10.077505 9.140731 0.000000 17.637223 26.282407 0.000000 0.000000 0.000000 3.698024 0.000000 7.428703 0.000000 0.000000 8.188280 5.321541 10.314686 0.000000 0.000000 0.542973 0.000000 0.000000 7.546472 0.000000 17.851849 1.491338 0.000000 1.234299 7.056042 0.000000 7.086599 3.999992 0.000000 0.000000 3.312898 3.895083 22.917077 0.000000 11.396222 1.363695 3.505916 1.289497 5.279890 1.791050 0.000000 0.000000 0.000000 9.554375 0.000000 0.000000 1.966335 4.457785 0.000000 0.000000
21.754285 0.000000 4.429504 0.000000 0.000000 0.000000 0.000000 0.000000 0.000000 0.000000 2.856658 0.000000 0.000000 17.473591 0.000000 1.193137 7.345306 0.000000 0.000000 0.000000 8.602322 0.000000 0.000000 0.000000 0.000000 4.164751 0.000000 1.201406 0.000000 0.000000 0.000000 0.000000 10.014918 4.427647 0.000000 4.921992 0.000000 0.000000 5.476264 0.609358 14.101972 0.000000 0.000000 0.000000 0.000000 4.635238 0.000000 0.000000 4.419943 0.477768 0.833254 0.000000 1.688797 0.000000 0.000000 0.415552 0.000000 0.000000 0.528801 4.499984 0.000000 0.778959 0.000000 9.775360
0.000000 9.087009 24.200011 0.000000 0.000000 0.000000 0.000000 0.000000 8.556688 2.867624 0.000000 21.316912 0.000000 8.163495 0.000000 4.904990 0.000000 0.000000 0.000000 0.000000 0.000000 0.000000 0.000000 3.929103 0.000000 0.000000 0.000000 0.000000 0.000000 1.778598 7.160682 17.666069 4.427799 4.243414 0.000000 0.000000 0.000000 11.240920 11.943951 11.571629 0.000000 0.027555 0.000000 0.000000 11.181685 9.497108 0.409786 7.096716 10.522443 0.000000 11.011476 0.000000 0.000000 0.000000 0.000000 0.000000 0.000000 14.611414 2.218246 0.000000 0.000000 0.145393 15.756975 0.000000
3.263928 10.762145 2.774192 5.073114 6.778494 0.000000 11.661074 12.982837 11.138754 7.233514 0.000000 9.206580 0.000000 0.000000 12.492267 5.015610 7.249229 0.000000 10.328728 0.000000 5.143368 0.000000 0.000000 0.000000 4.416963 0.000000 0.813736 5.753756 16.078148 18.595942 0.000000 11.113748 3.274883 1.901498 3.289893 3.035886 0.000000 7.090799 26.741255 0.000000 11.029637 3.100108 13.528532 0.000000 7.484679 0.000000 0.000000 8.277679 0.000000 0.000000 0.000000 0.000000 0.000000 7.761079 0.000000 0.000000 0.462969 1.421456 0.000000 0.000000 9.213736 7.125605 6.864276 11.069503
1.765293 6.169746 0.000000 0.000000 6.456521 10.560553 10.976107 0.000000 25.868352 0.000000 0.000000 0.000000 0.000000 0.000000 11.838557 2.060733 0.000000 0.000000 12.431922 0.000000 0.000000 0.000000 0.000000 0.000000 0.000000 0.000000 0.643665 0.000000 16.442590 5.676021 5.189866 0.000000 0.000000 0.142809 0.000000 7.364540 12.522847 4.049109 0.000000 11.897713 5.331821 13.282087 0.771094 0.000000 3.906688 2.187659 10.435811 0.000000 0.000000 0.000000 0.779246 0.000000 0.000000 0.000000 10.613684 7.602704 0.000000 3.648605 16.352420 3.779647 0.000000 0.000000 0.000000 0.000000
3.252091 0.000000 0.000000 25.614508 2.278782 11.501158 7.108891 0.000000 0.000000 9.465428 0.000000 0.000000 0.967606 8.944636 13.650641 0.000000 10.727704 4.404506 4.352737 0.000000 4.007968 19.022726 6.612475 0.000000 17.377612 0.000000 0.962882 0.000000 17.889202 0.910318 0.000000 0.000000 8.617223 0.000000 0.000000 6.708195 0.000000 0.000000 5.370270 0.000000 0.000000 0.000000 9.825396 0.000000 3.868085 0.000000 4.391893 7.700055 14.405829 0.000000 10.795568 0.000000 6.475014 11.111197 0.000000 1.782340 1.460497 11.701721 0.000000 0.000000 7.496436 2.453177 0.000000 0.000000
0.000000 0.000000 0.000000 0.000000 6.473401 5.562159 0.000000 0.000000 0.541759 0.851129 0.000000 3.146802 17.337722 0.000000 21.027474 0.040823 0.000000 9.175392 3.207453 6.993385 11.519670 0.000000 0.000000 5.375390 0.000000 0.000000 0.000000 6.711268 0.000000 2.251560 9.166002 8.740654 4.226507 0.000000 0.000000 21.303799 0.000000 0.000000 8.972093 0.000000 12.561019 6.114816 0.000000 6.255408 0.000000 0.000000 12.293983 9.962411 0.000000 0.000000 0.000000 0.000000 0.000000 2.137078 0.000000 0.000000 0.000000 0.711875 20.990448 7.193332 0.000000 4.541757 0.000000 0.000000
12.475783 3.317913 9.754061 0.000000 0.601531 5.443991 2.782066 4.000861 4.263623 0.000000 0.000000 0.000000 0.000000 6.001856 0.400417 0.000000 0.000000 0.000000 0.000000 1.780331 0.000000 13.693846 0.000000 1.121893 17.654826 2.629910 4.686923 7.819204 7.341899 11.040431 20.635918 2.064755 14.934254 0.000000 0.000000 0.000000 3.470957 0.000000 23.570699 0.000000 24.760020 0.000000 4.304051 0.000000 13.910347 0.000000 0.000000 0.240278 0.000000 2.939165 10.309986 0.000000 0.963629 0.000000 0.000000 1.899202 0.000000 0.000000 17.978789 0.000000 0.000000 0.000000 11.813918 2.187322
1.341383 0.000000 0.000000 0.000000 0.000000 0.000000 0.000000 9.757506 0.000000 0.000000 22.832588 4.803502 0.000000 0.000000 0.000000 3.518370 0.000000 2.096530 5.053839 11.251042 8.298806 18.039368 0.000000 6.053266 0.000000 9.656383 0.000000 0.000000 0.682234 0.000000 0.000000 8.988241 4.368842 2.637155 0.000000 0.000000 0.000000 7.690805 6.489220 0.000000 0.000000 25.228134 0.000000 3.076296 0.711516 0.000000 1.272058 0.000000 0.000000 0.000000 11.718727 1.426092 0.000000 13.683052 8.760933 0.000000 0.990547 0.000000 15.858667 10.695392 9.500207 0.000000 0.000000 8.696444
0.000000 0.000000 0.000000 0.000000 6.395423 6.649670 16.768703 0.299906 6.618182 0.000000 20.981833 6.454999 0.000000 2.189011 0.000000 0.510065 10.233204 6.662657 0.000000 0.000000 0.000000 2.520811 16.371494 0.000000 21.253488 5.082023 0.000000 0.000000 0.000000 0.000000 0.000000 0.000000 0.000000 0.000000 0.000000 0.000000 0.000000 17.055664 0.000000 0.000000 0.030341 0.000000 0.000000 0.000000 0.000000 20.602987 8.884690 12.452925 1.096951 0.000000 4.834073 29.695653 1.282317 2.688873 0.000000 0.000000 2.973728 4.068806 12.118774 0.000000 20.080172 5.618913 1.346336 8.182166
7.369115 11.181871 0.000000 0.000000 24.781790 0.000000 10.337193 0.000000 19.106681 0.000000 0.000000 0.000000 0.000000 11.894534 0.000000 4.708644 1.376304 0.000000 10.392347 4.753217 5.952891 22.273167 0.000000 3.283830 0.000000 9.793274 0.000000 0.000000 0.000000 3.475991 0.000000 0.000000 9.725348 0.000000 9.156985 5.892987 0.243014 0.000000 0.000000 0.000000 14.640530 0.000000 11.356192 5.438195 0.000000 0.000000 0.000000 0.000000 0.000000 0.000000 4.875669 0.000000 0.000000 0.000000 8.691139 0.498973 0.000000 0.249648 11.096331 3.603015 1.874614 3.558945 0.000000 0.000000
0.000000 9.995530 12.290748 3.955240 5.050284 0.000000 0.000000 0.000000 0.865992 0.000000 0.000000 0.000000 13.174456 11.147757 0.000000 0.285987 1.360480 0.000000 18.593812 9.277052 0.000000 0.000000 0.000000 1.053579 15.343910 14.699820 10.485878 0.000000 0.000000 5.146705 0.000000 5.085613 2.969107 6.827393 0.000000 1.589245 0.000000 11.221866 0.000000 0.000000 0.000000 14.510900 0.000000 7.464501 10.259567 0.000000 0.000000 1.471068 0.000000 0.000000 0.000000 0.000000 0.000000 4.276842 7.512173 0.000000 10.233223 5.537650 6.897390 0.000000 3.254457 0.000000 5.524347 10.354440
0.000000 0.000000 0.000000 3.596535 22.422413 0.000000 4.397082 0.000000 2.959314 0.000000 6.588646 0.000000 0.626726 0.556237 9.913005 5.003046 4.225779 0.000000 0.000000 0.000000 0.000000 3.371717 0.000000 4.809052 0.000000 0.000000 3.204376 0.673372 9.704585 8.220782 9.970170 0.000000 0.000000 0.000000 2.967979 0.000000 12.631756 0.000000 23.866649 0.000000 4.587704 0.000000 0.000000 0.000000 0.000000 8.121259 0.000000 13.844226 0.000000 0.628395 1.151838 10.687637 0.000000 0.000000 0.000000 0.000000 0.000000 0.000000 9.382874 0.000000 1.009197 0.000000 0.000000 3.865607
0.000000 0.000000 2.076580 0.000000 8.734111 0.000000 8.353232 0.000000 0.000000 0.000000 0.000000 0.552260 0.000000 0.000000 0.000000 10.175847 16.663490 3.157637 2.640252 6.176341 0.000000 0.000000 23.552705 12.625226 7.645827 4.121071 0.000000 0.000000 2.509326 12.035876 14.428866 0.000000 5.304043 6.213627 0.000000 7.612626 10.725042 14.892584 8.377130 5.460944 0.000000 0.000000 0.000000 12.124478 0.000000 0.000000 0.000000 4.417305 0.475169 0.880157 19.637089 10.864274 0.000000 18.049279 7.938334 5.362143 5.248642 7.496929 11.492685 0.000000 15.356043 0.000000 7.446427 22.347265
7.360205 0.000000 2.148422 4.468221 2.765442 1.059083 3.057295 7.422468 7.481286 13.048857 0.000000 1.829490 0.000000 0.000000 0.000000 8.386841 15.876959 14.099953 1.292691 0.000000 9.889153 0.000000 11.496105 0.000000 10.708967 0.000000 0.000000 7.365410 10.040744 2.491499 4.257206 5.791725 2.915202 10.181513 0.000000 0.000000 0.000000 2.963695 18.258151 0.000000 0.000000 3.960282 2.820857 13.186713 0.801220 0.000000 6.215060 9.999012 3.980463 0.000000 3.440987 5.604943 9.716833 0.000000 0.000000 0.000000 0.000000 0.000000 0.000000 0.000000 3.212796 23.142406 16.564964 8.255572
2.889628 1.153946 3.791482 2.909206 7.577463 5.642686 0.000000 0.000000 1.312715 0.000000 0.000000 0.000000 9.239780 9.762653 17.558639 0.000000 0.000000 16.168065 11.395337 10.699126 0.000000 12.966030 0.000000 0.000000 0.000000 16.865802 0.000000 0.000000 7.205781 0.000000 0.000000 3.771345 0.000000 1.899188 0.000000 0.000000 0.000000 7.500825 4.210141 1.300215 0.000000 0.000000 0.000000 1.006268 2.301911 18.607005 0.000000 0.000000 0.000000 0.000000 20.196525 1.230818 0.000000 0.000000 0.000000 8.314090 0.000000 10.988924 8.327214 0.000000 0.000000 0.000000 4.220160 0.000000
3.926399 30.721691 9.143681 8.561171 2.135509 0.000000 0.000000 1.191998 9.336807 0.000000 6.737403 0.000000 0.000000 7.975070 10.549987 1.000586 0.000000 20.810534 0.000000 8.724038 0.000000 0.000000 0.000000 0.000000 0.000000 13.890161 0.000000 0.000000 8.983266 0.000000 0.000000 0.000000 1.133437 9.499847 0.000000 0.000000 13.834753 0.000000 3.184067 0.000000 1.843798 10.022754 0.000000 0.000000 0.000000 1.159162 0.000000 0.000000 0.000000 0.000000 0.000000 11.454911 11.027555 4.860609 0.000000 4.557075 14.950498 0.000000 13.582319 0.476454 19.513472 0.970039 0.000000 1.379952
0.000000 15.546556 2.280674 0.000000 5.086718 0.494610 12.767705 0.000000 9.251423 0.000000 0.000000 0.000000 11.746083 0.000000 0.000000 0.000000 0.000000 7.785311 0.000000 3.109886 7.054053 0.000000 0.074611 0.000000 2.925432 9.487123 7.321522 4.543498 14.495881 0.219440 0.000000 0.000000 0.000000 0.000000 0.000000 0.000000 0.000000 0.000000 0.000000 0.000000 0.000000 7.521494 5.354269 7.183154 11.633457 0.000000 7.123944 2.366280 10.432605 7.083419 0.000000 2.861974 8.733116 0.000000 7.021807 19.255982 0.000000 20.224552 6.584088 7.488177 0.000000 15.133731 0.000000 1.557963
1.148084 0.000000 0.000000 0.000000 6.458923 0.000000 0.000000 0.000000 4.630121 0.000000 0.000000 5.669369 4.862884 0.000000 0.000000 12.895795 0.000000 0.000000 0.995336 0.372791 19.082475 0.000000 0.000000 0.000000 0.000000 12.482661 4.856361 4.252835 0.896520 5.866395 0.000000 4.079947 0.000000 15.189670 0.000000 1.874015 0.000000 0.189900 0.000000 0.000000 13.624003 2.710340 0.000000 0.000000 2.330278 0.000000 0.000000 0.000000 0.000000 2.982039 0.000000 0.000000 0.000000 0.000000 8.202760 14.298617 16.925047 7.075152 1.953696 6.253085 0.000000 0.000000 7.527454 2.481396
4.873036 0.769368 2.461003 2.827340 7.621954 0.000000 0.000000 11.223725 0.000000 0.000000 14.610799 5.860476 0.000000 0.000000 0.000000 0.000000 0.000000 4.699099 12.167048 10.602990 11.002452 15.458360 0.000000 16.481533 0.000000 8.981536 11.331558 20.375679 0.000000 20.265900 8.112002 0.000000 0.000000 3.383548 0.194499 0.000000 0.000000 21.257037 0.000000 0.000000 4.546047 25.787257 0.000000 0.000000 1.663272 0.000000 0.000000 3.025466 4.377479 0.000000 0.000000 0.000000 8.120505 2.514401 0.000000 0.000000 0.000000 0.000000 6.319307 0.000000 19.162223 0.000000 0.000000 0.000000
0.000000 14.321153 1.640963 0.000000 0.000000 0.000000 0.000000 0.000000 0.000000 0.000000 2.581772 6.598380 6.524779 0.000000 0.000000 0.000000 9.108454 6.624313 0.641413 8.333847 0.000000 6.606122 0.000000 0.000000 4.838287 21.856405 4.983311 23.447314 0.000000 9.829734 13.909689 0.000000 12.243820 0.000000 9.902027 0.473749 7.568550 0.000000 0.719349 0.000000 1.474228 2.023088 1.892221 0.000000 0.000000 0.000000 11.961362 13.372981 0.000000 0.000000 0.000000 9.713121 16.115640 0.000000 0.000000 0.887754 0.000000 0.000000 0.000000 0.000000 0.000000 22.223363 0.000000 0.000000
0.000000 15.226408 0.000000 3.086538 12.435940 2.585477 0.000000 0.000000 0.000000 0.000000 0.000000 2.720386 8.928134 0.000000 0.000000 8.300266 2.122993 0.000000 0.000000 8.464151 0.000000 4.201263 3.128929 10.241010 5.279812 2.195865 0.000000 3.106090 2.662467 0.664549 1.596227 0.000000 0.258094 0.000000 0.381995 2.286426 4.051352 14.510900 0.000000 0.000000 5.663907 9.058859 6.071260 0.000000 0.000000 10.162801 20.209188 0.000000 0.000000 7.684346 0.000000 18.669958 0.000000 0.000000 0.000000 13.010283 0.000000 13.540025 0.000000 8.036898 13.452032 0.000000 0.000000 0.000000
0.000000 0.000000 7.135130 5.358025 15.604709 8.074170 13.532373 6.790887 2.863698 10.136179 0.000000 0.000000 11.823837 22.581286 0.000000 5.102068 0.445832 0.000000 1.389741 2.238875 10.830401 0.000000 0.000000 19.032225 0.000000 1.303920 0.000000 0.000000 16.155824 0.000000 13.270073 4.236656 0.000000 6.608992 16.127908 0.000000 1.689310 0.000000 7.890361 0.000000 0.480766 0.000000 0.000000 0.000000 8.778969 2.728015 13.680346 4.476098 0.000000 13.734346 0.000000 5.957300 0.000000 5.178799 0.000000 0.000000 0.000000 0.000000 0.000000 4.242924 2.119586 0.000000 0.000000 0.000000
0.000000 2.239660 12.363914 0.000000 1.981714 7.429435 0.000000 0.000000 11.627049 12.986861 0.000000 7.624972 0.000000 0.000000 0.000000 4.873322 0.000000 0.000000 6.391637 17.000915 2.869647 0.000000 22.078940 0.185739 0.000000 2.822618 0.000000 7.017591 11.467780 13.385950 9.648465 0.000000 0.000000 0.000000 3.821986 0.000000 2.405581 0.000000 5.580136 12.371521 0.000000 0.000000 0.000000 9.662049 0.000000 0.000000 3.077925 5.140962 0.876959 0.000000 8.553692 19.492844 0.000000 0.000000 1.115636 4.863800 0.000000 0.000000 1.877549 2.378020 4.432208 5.747534 0.086390 6.268039
0.172994 15.458866 0.000000 15.931549 0.000000 0.000000 0.000000 12.155985 13.610732 0.000000 0.000000 0.000000 3.797017 12.902376 0.000000 13.000784 0.000000 0.000000 9.140953 13.156269 29.981293 0.000000 0.000000 0.000000 12.869275 0.000000 0.000000 0.000000 0.000000 0.000000 0.206530 0.000000 0.000000 26.066769 2.398928 15.725622 0.000000 0.000000 0.000000 0.000000 6.225449 8.580833 0.000000 12.777744 0.000000 0.000000 0.000000 5.088820 11.124810 0.000000 0.000000 9.694781 16.249316 0.000000 0.000000 0.000000 0.000000 0.000000 0.000000 0.000000 6.792621 2.543413 0.000000 0.000000
0.000000 19.933615 0.000000 0.532967 0.000000 10.938953 5.158229 6.999364 15.425361 0.245394 9.598438 0.000000 4.686863 0.000000 3.064370 0.000000 1.264800 0.000000 0.028676 0.000000 1.906100 8.634659 21.940520 0.000000 0.000000 0.000000 0.000000 0.000000 2.648018 3.731444 0.000000 6.389328 2.164748 0.000000 11.881088 0.000000 0.000000 4.401768 0.000000 0.740620 0.000000 24.122209 0.000000 1.213723 2.343310 0.000000 0.000000 0.000000 9.166277 0.000000 0.000000 6.428606 0.000000 12.149834 0.000000 0.000000 0.000000 1.256243 0.000000 0.000000 0.000000 17.280741 0.425034 11.589420
10.232421 0.000000 3.614957 16.433405 14.918498 18.019355 0.000000 0.495755 0.000000 3.461915 0.000000 3.890225 0.000000 0.000000 0.000000 0.000000 12.034125 10.708776 13.395379 1.087564 0.000000 0.000000 18.845527 6.608708 0.163678 0.000000 0.000000 2.764283 0.000000 0.000000 0.000000 4.881333 0.000000 0.000000 2.020833 0.000000 3.912907 0.000000 0.000000 7.379225 0.000000 3.307837 0.000000 0.000000 5.664758 0.000000 0.000000 2.016663 0.000000 14.994049 0.000000 0.000000 0.000000 0.000000 0.000000 2.746770 8.394046 12.792087 0.000000 0.000000 7.213225 0.000000 0.000000 0.000000
16.016022 0.000000 6.126436 0.000000 20.606396 1.415976 16.631167 5.623519 0.000000 0.000000 18.346984 0.000000 3.120920 2.950012 6.833985 9.498776 0.000000 3.451991 0.466747 0.000000 11.493779 2.977654 5.051427 0.000000 0.000000 12.883558 0.000000 0.000000 4.415018 19.875941 4.563638 11.484846 5.933471 0.000000 17.018105 0.000000 0.000000 11.960944 4.517933 22.516363 0.000000 0.000000 10.936385 0.000000 4.804810 8.062302 10.787277 17.379369 0.000000 11.867702 0.000000 12.944277 0.000000 13.973252 0.000000 5.198363 0.000000 2.876445 10.108115 0.000000 20.463657 0.000000 0.000000 0.000000
24.759186 17.744911 0.797351 0.869190 0.000000 0.000000 7.396457 9.346648 0.000000 0.000000 6.399012 1.927816 3.290859 0.000000 22.149028 23.439286 12.783334 10.472037 1.715622 0.317458 4.510329 22.809495 0.000000 7.873765 14.307224 8.314585 0.109703 23.042461 0.000000 0.000000 0.000000 11.239624 5.965742 0.000000 0.865538 0.000000 0.000000 7.238483 21.992883 6.848823 0.000000 2.155784 3.124914 0.000000 1.590259 0.000000 3.502472 7.924750 10.568743 6.750185 9.406276 0.000000 0.000000 0.000000 0.000000 1.719402 0.000000 13.722723 13.978000 0.000000 4.527534 0.000000 0.000000 9.939917
0.000000 0.000000 0.000000 9.308954 0.000000 9.792920 0.000000 0.000000 6.623344 13.435279 1.647529 0.000000 0.000000 27.010206 1.119410 0.000000 6.768282 13.434998 6.733519 14.923713 24.361774 0.000000 7.484116 7.538721 8.698691 0.000000 10.215315 0.000000 0.000000 0.000000 0.000000 1.783647 0.000000 0.000000 0.000000 0.000000 22.061517 4.484307 0.000000 0.000000 11.849079 5.407038 8.487409 17.203063 0.000000 2.526584 0.291132 0.000000 16.252089 0.000000 6.668189 0.000000 0.000000 12.064950 5.687617 0.000000 4.299794 3.929989 3.711837 1.238849 0.000000 8.343988 0.095277 17.867085
8.639440 0.000000 12.109490 0.000000 9.103696 0.000000 19.648771 0.000000 11.351465 0.000000 0.000000 0.000000 0.000000 0.000000 7.230949 17.638523 3.648467 13.942000 0.000000 3.134478 21.570960 2.805517 6.251293 0.000000 0.000000 0.000000 0.000000 0.000000 3.902223 16.075291 0.000000 1.771098 0.000000 3.506764 0.000000 0.000000 4.328086 0.000000 11.409406 20.148279 0.000000 2.892833 7.435778 0.000000 0.000000 0.000000 13.205267 0.000000 12.415309 0.000000 0.000000 7.015026 13.047933 0.000000 0.121143 0.000000 4.840650 0.000000 0.000000 9.162138 6.681773 0.000000 20.769011 0.000000
0.000000 0.000000 0.000000 6.621360 4.131070 0.000000 0.000000 0.000000 0.000000 0.000000 0.000000 6.892201 0.000000 1.559315 0.000000 0.000000 0.000000 0.000000 30.631295 0.000000 0.000000 3.156465 0.000000 14.546701 9.439636 5.743717 4.280202 0.000000 0.299417 7.482010 0.000000 0.000000 11.059553 0.000000 16.237344 0.000000 2.888506 5.685955 0.000000 0.000000 4.478763 11.937848 0.000000 0.000000 0.000000 2.553401 0.000000 0.000000 0.289588 4.561475 0.000000 4.464965 0.000000 0.000000 0.000000 0.611315 0.000000 1.181911 12.407333 0.756869 0.000000 0.000000 0.000000 0.000000
7.338310 0.000000 0.000000 8.695109 0.000000 5.536120 0.000000 7.228872 0.000000 0.000000 0.000000 12.157703 0.115933 10.557956 4.221787 0.000000 0.000000 0.000000 0.000000 0.000000 7.623459 0.000000 13.454579 4.726220 10.677468 0.000000 1.299529 0.000000 0.000000 0.000000 15.762975 14.352693 6.201825 3.931963 0.000000 1.235382 0.000000 0.000000 0.000000 0.000000 7.243005 3.801670 10.293876 0.000000 0.000000 0.000000 11.353714 0.000000 0.000000 0.000000 7.443131 1.748972 0.000000 0.000000 0.000000 0.000000 0.000000 19.822973 0.000000 8.581284 0.000000 0.000000 0.000000 7.506000
3.741998 5.922694 8.853213 0.712266 0.000000 0.000000 4.080282 0.326277 0.000000 0.000000 9.680850 11.359612 0.000000 8.462395 7.081805 27.638750 3.319532 0.000000 4.587202 0.000000 0.000000 10.566724 0.000000 0.357631 0.000000 0.000000 1.368786 0.000000 3.479635 0.000000 0.000000 0.000000 0.000000 7.727057 0.000000 0.000000 14.239684 0.000000 0.000000 0.000000 12.331722 0.000000 2.965419 16.764153 0.000000 3.474650 3.104270 2.372533 16.037417 0.000000 0.312636 0.000000 3.800328 0.000000 5.165592 16.950584 0.000000 7.735032 0.000000 0.000000 0.000000 3.252676 13.441742 6.094255
0.000000 0.000000 0.000000 0.000000 8.189654 0.000000 0.000000 0.000000 0.000000 0.000000 5.345578 0.000000 12.663048 10.128502 0.000000 0.000000 13.064759 2.629803 0.000000 0.000000 0.000000 0.000000 0.000000 0.000000 12.400080 9.988761 0.000000 6.198569 1.673706 0.000000 0.000000 0.000000 10.149757 0.000000 0.000000 5.679186 20.081206 0.000000 4.174917 10.742309 24.099488 0.704012 0.000000 13.390419 0.000000 0.000000 4.495691 2.811756 0.000000 0.000000 0.000000 0.000000 3.554877 0.000000 0.099117 2.653915 13.787538 2.426741 1.680868 0.000000 5.404948 9.754146 0.000000 0.000000
0.000000 18.974576 0.000000 0.000000 1.564601 5.887316 0.000000 5.589567 0.000000 0.000000 0.000000 2.003077 8.156147 0.000000 0.000000 5.968005 10.952442 11.970528 0.000000 0.000000 1.757474 9.103565 18.741851 0.000000 3.815784 0.000000 9.901012 11.492487 10.577587 13.542112 15.171868 3.011480 0.000000 0.000000 0.000000 0.000000 13.281018 0.000000 8.950950 0.000000 11.610047 0.000000 4.738318 5.033296 0.000000 0.000000 1.322914 12.395935 0.000000 17.686998 0.282012 0.000000 0.411563 0.000000 18.527499 0.000000 0.735569 0.000000 0.000000 0.736128 0.000000 18.807609 0.555294 0.000000
0.000000 0.577297 11.669357 12.430514 1.022406 0.474256 0.000000 0.000000 0.000000 4.744176 14.748164 0.000000 12.171236 0.000000 0.000000 0.000000 12.231203 0.576732 3.227717 5.284135 23.421204 0.000000 5.606982 11.376734 3.671265 10.167214 4.052869 0.000000 17.614893 0.000000 11.255312 10.844386 2.749959 0.000000 2.107408 0.000000 16.002813 0.000000 0.000000 0.000000 0.000000 0.000000 0.000000 10.214464 0.000000 0.000000 7.291749 0.000000 15.313651 0.000000 0.000000 11.068577 12.346627 6.177510 8.347142 13.930342 18.239420 1.801813 0.000000 3.212589 1.361371 0.000000 17.833920 0.000000
15.371286 0.000000 0.000000 7.893729 3.640982 0.000000 4.055574 16.199132 6.923566 0.000000 8.262437 0.000000 0.000000 1.717002 0.000000 0.000000 3.333628 26.592556 0.000000 0.000000 9.233275 0.000000 0.000000 0.000000 0.000000 0.000000 9.709712 0.000000 3.414822 0.000000 0.000000 0.000000 0.000000 10.411671 4.174860 0.000000 4.210709 3.426046 10.089863 4.447360 6.323714 0.000000 0.000000 0.000000 0.000000 8.521770 13.969872 6.880315 6.695514 0.000000 0.000000 6.755270 0.000000 0.936667 0.000000 0.000000 0.000000 0.000000 5.536688 6.779297 11.013709 6.711062 0.000000 4.659834
0.000000 5.459383 0.000000 0.000000 0.000000 0.000000 10.327660 0.000000 0.000000 20.211256 0.000000 4.821561 0.000000 1.808293 6.583233 0.000000 0.000000 0.000000 16.314952 4.712534 0.000000 0.207275 4.943665 0.000000 8.777719 0.000000 0.000000 0.000000 16.840300 0.000000 0.000000 0.000000 3.161609 5.106297 0.000000 0.000000 0.000000 0.000000 0.000000 0.000000 0.000000 5.318454 0.000000 8.311970 27.407737 1.736279 2.068398 0.000000 0.000000 0.801662 0.000000 0.000000 0.000000 0.000000 0.000000 0.000000 4.374796 1.470109 13.534124 0.077671 11.416867 16.327927 0.000000 0.000000
0.000000 8.750445 0.000000 0.000000 5.481444 8.160305 0.000000 0.000000 7.805454 0.000000 0.000000 0.000000 2.549502 19.822039 19.189002 0.227972 0.000000 0.000000 11.772784 17.358837 5.178908 0.000000 0.000000 0.000000 6.169796 7.255471 0.000000 0.000000 7.735257 0.000000 0.000000 2.826887 10.046311 6.171287 4.355675 12.560639 0.000000 0.000000 0.739194 0.000000 0.000000 0.000000 0.000000 0.000000 5.317707 11.799247 0.000000 8.178021 0.000000 0.612130 0.000000 0.000000 0.888650 3.592350 0.000000 0.000000 6.403674 10.191403 0.000000 0.000000 1.163828 0.000000 0.000000 7.820758
0.036985 5.546213 0.000000 3.138310 4.283465 10.822444 7.026383 11.421329 15.956533 0.000000 1.938638 8.035213 0.000000 0.000000 0.000000 3.407147 0.000000 0.000000 0.000000 0.104342 4.722149 2.184351 5.252975 0.000000 0.000000 7.850825 0.000000 0.000000 0.000000 22.943991 8.350566 0.000000 3.599146 2.156621 0.000000 0.000000 0.000000 15.448603 5.091407 0.000000 0.000000 0.000000 2.579753 0.000000 8.719655 4.937496 0.000000 3.682627 0.000000 6.377018 0.000000 0.000000 4.511744 0.000000 0.000000 0.000000 0.000000 0.000000 0.000000 0.000000 6.033788 0.000000 2.635822 2.645005
0.000000 0.000000 1.833339 3.508768 5.118761 0.000000 0.000000 4.273215 0.000000 3.801390 0.000000 0.000000 0.000000 4.406843 13.951633 0.000000 0.000000 0.000000 0.000000 0.000000 5.309838 6.703472 10.753415 0.000000 0.000000 5.492329 2.970847 0.000000 1.390345 0.000000 0.000000 0.000000 21.413877 20.639812 0.000000 10.443264 10.952579 3.641902 0.000000 0.000000 0.000000 0.000000 0.956261 6.584338 4.176431 20.910509 6.382358 0.000000 0.000000 17.012320 0.000000 0.000000 0.000000 0.000000 0.000000 0.000000 0.000000 7.072587 0.000000 0.000000 0.000000 12.295256 15.441351 6.417875
0.000000 2.502501 2.613437 1.436251 12.178104 0.000000 0.000000 0.000000 0.000000 0.000000 12.309886 0.000000 0.789836 0.112114 0.000000 0.000000 5.794311 4.533970 13.335728 14.500691 6.066154 0.000000 4.312489 7.428564 0.000000 0.000000 9.155370 4.327716 7.224892 0.000000 0.000000 10.897475 0.831690 7.219819 0.000000 7.841808 8.911469 0.000000 0.000000 12.924033 0.000000 0.000000 0.000000 0.000000 0.000000 0.000000 12.283281 17.815730 8.677591 5.373362 2.069810 0.000000 0.000000 2.858029 9.296429 13.932340 6.771609 0.751499 0.000000 8.707949 0.042800 2.749211 0.000000 2.282804
0.000000 6.408768 0.000000 0.000000 4.965507 2.366762 4.440207 7.570956 3.319943 0.000000 1.758508 0.000000 0.000000 0.000000 0.000000 3.820167 0.000000 5.332538 0.000000 0.000000 0.000000 0.000000 0.767693 0.000000 1.554326 0.000000 0.000000 0.000000 4.999013 0.000000 0.133389 8.734800 12.077293 0.000000 9.459663 8.125905 8.859280 0.000000 0.000000 0.000000 0.000000 0.000000 0.000000 5.092384 0.000000 0.633760 0.000000 11.984678 8.299321 6.869944 0.000000 0.000000 0.000000 0.000000 4.662225 8.793956 0.000000 0.000000 0.000000 8.706279 23.564255 14.126383 16.426254 0.000000
17.290597 0.000000 0.000000 1.482440 4.223253 6.018608 10.523418 6.431237 0.000000 10.941458 0.000000 0.000000 0.000000 12.771894 2.585892 5.373494 0.000000 8.367713 10.002432 0.000000 10.752610 0.000000 2.492343 0.000000 0.000000 7.277627 0.000000 14.281978 5.095429 0.000000 0.000000 0.000000 20.590029 0.000000 0.000000 0.000000 0.159391 4.413142 0.000000 0.000000 1.262923 0.000000 2.477997 0.000000 0.000000 0.000000 0.000000 29.155930 0.000000 0.000000 0.000000 20.771413 0.000000 0.000000 12.707212 1.164283 5.818212 0.000000 10.741370 0.000000 0.000000 0.000000 1.602026 0.000000
6.068467 0.000000 12.838425 0.000000 0.000000 1.961129 0.000000 2.477890 0.000000 0.000000 0.000000 6.643180 0.000000 0.532735 0.000000 0.000000 12.037311 0.000000 0.000000 4.299149 0.000000 0.000000 10.004892 14.551924 0.000000 0.687765 1.898530 0.000000 6.741899 0.000000 8.354139 11.424495 0.000000 2.923609 0.000000 0.000000 13.924583 0.000000 0.000000 0.000000 0.000000 0.000000 0.000000 6.770435 0.000000 0.000000 0.000000 7.405123 0.000000 3.174700 18.931390 1.496109 10.628353 0.776714 18.606724 0.000000 1.542135 0.000000 6.760100 0.000000 0.340932 6.378081 12.561545 0.000000
10.348429 0.000000 0.000000 6.126634 16.630353 0.000000 0.000000 0.000000 6.780314 9.507254 0.000000 0.000000 0.000000 0.000000 23.533703 0.000000 0.000000 0.000000 0.000000 4.053488 9.700355 3.108465 0.000000 0.000000 0.000000 7.818831 5.934334 0.000000 0.000000 0.000000 0.000000 0.000000 0.000000 0.000000 0.000000 0.000000 0.000000 0.000000 0.000000 10.519374 6.131113 0.000000 0.000000 0.000000 6.196270 0.000000 12.024777 0.000000 14.836855 2.522594 0.126557 14.113572 0.000000 13.275950 2.898462 0.808073 0.029126 0.000000 0.000000 13.777443 0.000000 17.653690 0.000000 12.973020
0.000000 17.751568 0.000000 7.255936 0.000000 0.000000 13.583148 14.450088 0.000000 0.000000 19.980692 5.261261 0.000000 10.277059 14.452702 1.463923 0.000000 0.000000 3.174187 12.192978 9.707832 20.052887 1.998009 0.000000 0.711348 0.000000 6.195043 13.374804 0.000000 16.752201 7.084929 2.360940 0.000000 9.662170 5.976228 0.000000 0.000000 4.117662 15.415586 0.000000 1.794786 12.214468 0.000000 6.447153 0.000000 3.646024 9.109947 7.578627 1.649993 1.192982 14.356909 5.838347 0.000000 14.320765 5.182949 1.634975 6.701077 4.093291 0.000000 0.000000 0.000000 14.050348 0.000000 6.744020
0.000000 0.000000 0.000000 0.000000 0.285649 0.000000 0.321104 14.432500 11.993799 15.990532 0.000000 0.000000 11.597492 11.080265 0.000000 8.433778 0.000000 0.000000 2.007834 0.000000 17.667327 16.226384 4.574759 0.000000 0.000000 0.000000 4.090206 0.000000 9.352863 4.239098 0.000000 7.340926 0.000000 0.000000 0.000000 0.000000 10.271524 1.193679 0.000000 0.000000 13.848250 0.000000 1.631054 0.000000 0.000000 12.892002 0.000000 4.869923 2.565208 1.423812 0.000000 4.741915 3.298512 7.295424 11.646705 0.000000 9.559142 0.338905 11.123231 0.000000 0.000000 9.002762 0.000000 6.729987
0.000000 0.000000 0.000000 0.000000 16.537388 0.000000 13.186395 0.000000 0.000000 0.000000 0.000000 0.000000 0.000000 3.420258 0.000000 1.090038 1.277707 14.424824 10.712192 15.213936 6.285678 0.000000 0.000000 3.915398 4.078068 0.000000 0.000000 0.000000 4.263483 0.000000 0.000000 0.000000 0.000000 0.000000 0.000000 0.000000 5.779665 0.000000 6.746173 0.000000 6.342994 0.000000 0.000000 5.728363 0.000000 0.000000 0.000000 2.492277 0.000000 10.076512 0.000000 0.000000 0.000000 0.000000 0.000000 7.492935 0.000000 4.582168 0.000000 0.000000 3.971759 0.000000 5.473434 0.000000
5.665310 11.878496 8.409454 4.022512 0.000000 17.746572 1.201890 0.000000 3.920348 2.030049 4.687763 2.388472 6.170858 11.442599 0.000000 0.000000 0.000000 9.177853 11.624442 23.010172 16.442763 23.493529 0.000000 13.295762 10.462209 0.000000 4.338028 0.000000 3.699869 1.972933 2.225429 4.075049 0.017039 0.000000 0.000000 0.003732 8.383628 0.000000 0.000000 0.000000 0.000000 6.461265 0.000000 8.260880 0.000000 0.000000 0.000000 0.000000 0.000000 0.000000 0.000000 0.000000 0.000000 0.000000 0.000000 0.000000 0.000000 4.904822 0.728821 0.827854 0.000000 0.000000 6.272500 5.505993
10.862578 0.000000 5.619206 3.284112 3.839914 0.000000 5.688015 5.271727 7.466325 11.440121 12.508560 4.179267 5.487045 0.000000 0.000000 10.259015 7.706711 0.000000 6.970577 15.493298 14.242697 2.427239 1.178391 0.000000 14.312623 0.000000 1.221392 1.922216 1.107891 0.000000 0.000000 0.000000 0.000000 0.000000 3.243998 0.219984 0.000000 6.935746 9.431264 0.000000 1.803085 0.000000 0.000000 0.000000 2.939624 10.097832 0.000000 10.893154 7.963439 34.044696 0.000000 6.918206 0.000000 0.000000 0.000000 0.000000 0.000000 0.000000 0.000000 6.405462 10.035223 9.892872 0.000000 0.000000
14.209590 0.000000 0.000000 10.184491 0.000000 0.000000 0.000000 0.000000 0.397071 0.000000 10.990076 0.000000 0.000000 0.000000 0.000000 20.894927 3.398606 0.000000 15.188556 0.000000 0.000000 4.771141 0.000000 0.000000 15.520676 8.720748 1.791168 7.882156 0.000000 10.135333 0.000000 14.217413 0.000000 0.000000 5.253466 0.000000 0.000000 13.343118 5.625338 12.363641 14.235397 8.687386 0.000000 0.000000 17.107198 0.000000 0.000000 14.194004 0.000000 0.000000 4.407156 0.946879 0.000000 2.076429 11.687252 0.000000 0.000000 4.664605 0.000000 2.318379 9.460280 21.087055 0.000000 0.000000
8.703124 0.000000 8.624878 0.000000 0.000000 0.000000 0.000000 12.159016 9.801293 3.392845 0.000000 0.000000 0.000000 17.660443 11.947752 11.354295 0.000000 0.000000 0.000000 8.177523 3.070533 6.100675 15.891592 4.289548 0.000000 15.753422 0.000000 0.000000 0.000000 1.672175 6.939771 0.000000 3.740169 3.414502 0.000000 14.190623 0.000000 8.466369 6.022835 0.000000 0.000000 0.000000 3.684316 11.932028 0.000000 0.000000 0.000000 20.017712 10.337713 7.313345 15.967186 8.292557 3.150891 0.000000 1.794083 4.607430 0.960821 1.733264 0.000000 5.415881 0.000000 6.074444 0.000000 0.000000
0.000000 4.277956 21.898211 0.000000 19.087873 0.688338 16.898071 15.932679 0.000000 0.597308 0.000000 0.000000 0.000000 22.743330 3.734163 14.650187 0.000000 0.000000 0.000000 0.000000 0.000000 6.515857 0.260411 0.000000 8.248455 0.000000 0.000000 0.448756 0.359749 7.156172 8.774150 5.994017 0.000000 1.048556 0.000000 3.291819 4.858674 20.713708 8.840284 0.000000 30.775823 0.000000 2.448842 0.000000 17.735112 0.000000 7.624148 0.801905 9.805129 7.823591 14.349698 0.000000 0.000000 0.000000 0.000000 0.000000 0.000000 0.188831 8.184603 0.000000 10.591971 0.000000 0.000000 2.498551
0.000000 0.000000 0.000000 0.000000 0.000000 0.788213 0.000000 0.000000 7.751021 0.000000 0.000000 0.000000 5.868670 14.042848 0.000000 0.000000 0.000000 6.176677 0.000000 22.608965 1.185027 0.000000 0.000000 0.000000 5.696452 0.571656 0.000000 0.000000 0.640525 8.118698 3.656834 0.000000 6.931608 10.684477 7.196914 20.698074 0.000000 0.000000 0.000000 0.000000 1.024590 1.687280 0.000000 13.509790 4.962799 0.000000 0.920923 0.000000 6.675074 1.871151 6.329359 3.706454 0.000000 0.000000 0.000000 0.000000 0.000000 0.000000 0.000000 11.589574 13.161135 0.970230 1.827190 7.152886
0.000000 2.831996 0.000000 0.000000 10.160663 0.000000 0.000000 0.000000 0.000000 1.164185 0.000000 1.984141 0.000000 8.109073 5.238939 0.000000 4.378765 0.000000 6.182184 0.000000 0.000000 10.573056 0.000000 0.000000 6.040864 0.000000 0.000000 0.000000 4.347764 0.000000 0.000000 0.000000 0.000000 0.000000 8.889369 0.000000 2.998197 0.000000 0.000000 18.945610 0.000000 5.742643 2.643823 0.000000 8.161501 0.000000 2.487519 3.988665 9.362300 11.550041 5.341173 13.842320 6.001121 4.753457 0.000000 13.706410 12.079731 1.296585 0.000000 15.154010 10.725075 0.000000 0.000000 0.000000
0.000000 0.000000 2.659522 0.000000 0.000000 6.961164 0.000000 0.000000 5.305007 0.000000 0.000000 0.000000 13.679301 2.177933 0.000000 0.000000 0.957147 7.631325 0.000000 0.000000 8.018146 3.797114 0.000000 0.516076 20.224096 0.000000 16.477123 0.047886 11.436245 0.521155 5.688469 3.311694 0.000000 4.593874 0.000000 2.134001 7.289942 19.711006 0.000000 0.000000 0.089511 0.000000 14.759265 8.338524 0.000000 0.000000 5.436984 1.539040 0.000000 4.913889 7.615400 0.000000 0.000000 0.000000 0.000000 12.645320 0.000000 10.087456 0.000000 0.000000 14.134619 2.807447 0.329322 6.001167
