1 1 0 3 1 0 2 1 0 0 1 1 0 2 0 2 0 2 5 1 0 1 3 0 0 0 0 3 1 1 0 0 0 0 0 0 3 2 0 0 0 2 2 0 0 7 0 1 0 0 0 0 0 0 1 1 0 0 0 3 1 0 0 4 85
0 1 0 2 0 2 3 3 0 2 2 5 1 0 0 0 3 6 0 0 5 2 1 0 0 3 4 2 0 0 0 6 0 0 1 0 0 2 0 3 3 0 3 1 0 1 0 3 0 0 2 2 0 0 0 0 4 0 1 2 7 4 0 4 97
3 0 0 4 0 0 0 2 0 0 4 0 0 0 0 0 0 0 1 2 0 0 0 0 3 1 2 0 0 0 2 1 0 0 0 0 3 1 0 2 2 0 0 0 3 0 2 2 2 1 3 3 1 3 1 7 0 1 1 4 1 3 0 0 99
3 4 0 2 7 0 0 0 0 6 0 2 2 2 4 0 3 0 0 3 4 2 1 0 1 0 5 3 0 0 0 0 0 0 5 0 0 1 0 0 0 3 5 0 4 0 3 0 0 0 0 3 0 6 0 0 2 0 0 1 7 0 1 0 75
0 0 0 3 2 0 0 0 3 3 0 0 0 0 0 1 0 0 0 5 0 3 3 1 0 3 0 0 0 0 0 0 0 0 0 0 0 2 1 2 2 7 0 2 0 0 0 0 0 0 1 2 0 0 0 1 1 0 0 0 0 0 0 2 73
0 0 0 0 3 3 0 4 0 2 3 0 0 0 0 0 2 0 3 1 0 2 1 0 3 0 0 0 3 0 4 2 0 0 1 0 0 7 0 3 2 0 2 0 0 7 0 4 0 2 0 3 0 0 0 0 0 6 0 6 0 5 2 2 87
2 0 0 0 5 1 0 5 0 0 0 0 0 2 0 0 0 3 0 0 0 0 0 0 0 0 0 0 1 1 0 0 0 0 0 0 0 2 0 5 0 0 0 0 6 2 3 3 3 0 5 0 1 7 1 0 0 0 0 1 1 0 0 0 70
1 0 3 2 0 0 0 0 0 0 0 0 0 0 0 0 3 1 3 0 1 1 0 7 1 0 3 0 0 0 3 0 0 2 0 1 0 1 0 0 1 0 0 7 0 0 0 1 0 0 5 1 0 1 3 7 3 1 0 0 0 0 3 0 90
4 0 0 0 7 0 0 3 6 0 0 5 0 3 0 0 0 2 3 2 0 3 0 0 2 0 0 0 0 0 0 0 3 0 2 0 0 1 0 1 0 1 0 1 0 0 0 0 3 4 0 0 2 0 0 3 0 0 0 0 0 2 3 2 75
4 0 0 0 0 0 2 0 0 2 0 1 0 2 7 0 0 1 0 7 0 5 6 0 0 1 5 5 0 5 0 4 0 0 0 0 0 0 1 5 5 1 0 0 0 0 0 1 0 6 3 6 2 0 3 2 1 2 4 0 0 3 4 0 57
3 0 0 5 0 2 4 3 0 4 5 0 0 1 0 4 0 0 0 0 0 0 6 0 0 0 0 0 0 0 0 0 0 4 0 7 0 0 1 0 0 0 0 2 0 0 3 0 0 3 0 2 3 1 0 0 0 0 0 1 2 0 3 0 79
0 0 3 1 0 0 0 0 0 0 2 4 0 0 0 2 1 0 0 3 2 3 0 0 0 0 4 0 3 0 0 1 0 0 0 0 1 7 5 0 5 0 0 3 0 0 0 0 0 0 2 0 0 0 0 0 0 4 0 7 0 0 0 0 79
1 0 5 5 0 0 2 0 0 0 0 2 0 0 1 0 0 0 0 0 0 0 0 0 4 0 2 0 0 0 2 3 1 2 0 0 0 4 0 0 0 5 3 1 0 0 2 7 3 0 0 0 3 0 0 0 0 1 0 0 0 0 0 6 79
1 0 0 1 7 1 3 0 0 2 0 0 0 0 2 0 0 0 0 0 0 0 1 1 0 3 2 4 0 5 0 0 1 1 0 0 0 0 0 1 3 0 0 0 2 0 0 2 0 4 3 3 0 0 1 0 0 2 0 4 2 0 2 3 116
0 3 0 1 0 0 0 0 0 2 0 1 3 4 0 0 1 0 5 1 2 0 0 0 4 0 7 2 0 2 0 0 0 0 2 0 4 0 0 0 3 0 2 3 0 1 0 4 0 0 0 3 3 3 1 2 1 2 0 0 1 2 0 2 94
0 3 4 1 1 7 0 0 1 2 1 0 0 0 0 3 0 0 1 0 0 0 1 0 1 3 2 0 0 0 0 0 0 0 3 0 1 0 1 4 4 1 1 1 3 2 2 1 2 0 2 1 3 0 0 1 4 3 1 0 0 5 3 0 104
1 0 0 0 0 0 3 2 1 0 5 0 2 0 2 0 0 4 0 2 0 7 0 2 2 0 4 0 0 0 7 0 3 0 0 0 2 3 2 3 5 0 0 0 0 4 0 3 0 2 2 0 0 2 0 3 6 0 0 0 2 0 0 1 84
0 0 1 0 0 2 1 2 1 3 4 0 3 0 2 5 1 2 0 2 1 0 0 0 0 0 1 2 0 2 0 0 0 0 7 0 3 0 0 0 0 0 3 0 3 0 3 4 3 6 0 0 3 1 0 0 0 1 0 0 0 3 1 0 94
3 1 4 0 2 4 2 0 0 0 0 0 0 1 0 0 0 0 0 7 0 0 0 0 0 0 4 0 1 0 0 0 5 1 1 3 6 2 0 0 0 0 3 0 4 0 0 3 1 0 0 4 2 0 0 0 0 4 0 0 0 0 0 0 70
0 0 0 0 0 0 1 0 2 0 3 2 1 0 0 2 0 0 2 2 0 1 0 1 0 0 0 0 3 1 0 0 3 0 5 2 1 0 0 0 2 2 4 0 4 0 2 3 0 1 6 2 0 5 0 1 0 2 0 7 2 1 1 0 100
1 2 7 5 4 0 0 0 0 3 0 0 7 0 0 3 0 0 0 5 2 7 0 2 0 2 0 4 2 0 0 2 0 1 1 2 2 1 1 0 0 0 0 0 0 0 0 2 5 1 4 1 4 0 2 0 0 0 0 1 0 0 3 0 79
0 2 2 0 0 0 3 0 0 0 0 0 0 0 3 0 0 0 0 0 0 0 0 0 0 0 1 2 1 0 4 0 2 0 5 0 0 0 3 0 0 0 4 0 5 1 0 1 4 0 0 4 7 4 1 3 3 0 0 0 0 2 0 2 74
0 0 3 3 2 0 0 2 2 4 0 3 1 3 1 1 3 0 0 0 2 2 0 0 3 0 0 0 1 0 6 0 0 2 0 0 5 0 0 0 0 0 1 1 0 0 0 0 3 0 1 1 0 1 7 2 0 0 0 0 5 0 0 2 77
0 4 0 3 1 0 0 0 0 1 0 2 0 0 2 0 2 2 0 2 2 4 1 2 0 1 0 3 0 6 0 3 0 3 0 7 2 1 0 2 1 0 0 2 0 0 4 2 1 0 2 2 4 2 4 0 3 0 1 0 0 0 0 3 115
0 0 0 7 3 0 0 0 2 0 0 0 1 0 1 1 0 0 3 2 1 0 0 4 0 0 2 3 0 5 0 2 1 3 0 0 0 0 0 6 0 1 0 5 0 4 0 0 0 0 2 0 0 0 0 5 3 0 0 0 0 3 0 1 88
0 2 2 0 5 0 1 2 0 1 0 0 7 0 3 4 0 0 2 5 0 0 0 1 0 0 0 0 0 0 2 0 0 2 0 1 0 0 1 0 0 1 1 3 0 0 7 4 0 0 0 1 0 6 2 0 0 0 6 0 0 0 0 0 70
0 1 0 0 0 3 1 0 0 1 6 1 0 3 6 0 2 0 3 0 2 6 2 0 0 0 0 0 0 0 0 0 3 2 4 2 7 5 0 0 5 0 2 0 2 3 2 2 0 4 0 1 0 0 0 6 1 0 0 0 0 0 0 0 76
4 0 0 3 0 3 4 6 2 0 0 0 0 0 2 5 0 1 4 0 0 0 0 0 1 0 0 0 7 0 0 0 0 5 0 5 0 0 0 2 0 0 0 2 2 3 5 0 0 1 0 0 0 0 2 0 0 0 3 0 2 0 0 0 82
0 5 0 5 3 0 3 0 0 0 0 3 1 5 1 0 0 0 0 0 0 0 3 3 6 5 0 1 0 4 5 0 0 0 1 7 0 0 1 0 0 0 2 1 1 6 1 0 0 3 0 0 2 0 0 0 4 0 0 2 0 0 1 1 89
0 1 3 0 0 0 0 3 0 0 0 1 0 0 7 0 0 0 4 1 6 0 4 1 1 0 0 7 1 2 1 0 4 0 2 2 0 1 3 0 0 0 0 0 1 3 1 0 7 5 1 0 0 1 0 0 1 2 4 1 0 0 3 1 87
6 0 2 1 0 7 0 2 0 1 0 2 0 0 3 2 0 0 0 0 6 4 0 0 0 0 0 0 4 0 0 2 3 0 2 2 3 0 4 0 0 0 0 0 4 2 0 0 0 0 0 0 2 0 0 7 2 0 0 0 0 1 2 1 64
0 1 2 2 0 3 0 0 0 1 0 0 0 0 2 3 2 0 1 0 0 0 1 0 0 1 1 0 0 0 0 0 2 0 0 0 0 0 5 6 3 7 0 5 0 5 0 0 2 1 0 2 1 0 0 7 1 3 2 1 3 0 0 2 69
0 3 0 5 5 6 0 0 7 0 0 0 4 2 0 0 0 0 0 0 3 0 0 2 2 0 0 0 3 6 4 0 0 6 2 2 3 0 0 0 4 0 0 0 2 0 0 0 0 0 0 1 1 4 0 0 0 3 2 3 3 0 1 3 72
0 1 0 0 0 0 0 0 2 0 1 0 1 2 0 0 0 2 0 2 0 0 0 0 1 0 1 0 1 0 0 1 0 0 1 1 0 0 0 2 3 0 0 0 2 0 3 4 4 2 2 3 0 1 0 7 1 0 2 0 0 2 0 1 114
0 3 3 0 1 0 0 1 4 0 0 4 1 0 0 3 1 0 0 1 1 1 0 0 0 2 1 1 0 6 0 4 0 2 0 2 1 0 0 0 3 0 2 0 3 0 2 1 4 2 0 3 1 4 1 1 0 3 0 0 2 0 7 0 89
0 2 2 3 0 2 0 0 1 2 5 0 0 0 1 0 0 1 0 0 0 0 0 0 2 0 0 3 0 0 0 0 0 4 0 1 0 0 1 0 0 0 0 0 0 2 2 5 3 0 0 0 7 0 2 0 0 0 1 0 2 1 0 0 99
3 0 0 2 0 1 6 0 0 0 0 7 5 0 0 0 6 0 0 1 0 1 0 0 1 0 5 0 0 0 6 0 4 0 0 1 0 0 2 0 0 0 2 1 1 0 0 0 4 0 2 0 0 6 0 0 1 0 0 0 0 1 0 0 68
0 0 0 1 0 7 5 2 0 0 1 1 2 0 0 0 0 0 0 2 2 1 3 0 0 6 0 2 2 0 0 0 4 0 0 0 3 0 2 2 0 7 1 0 0 0 1 0 0 3 0 0 0 4 3 0 5 5 0 2 0 0 1 1 97
1 0 5 0 0 0 4 0 0 2 0 3 0 0 1 2 0 2 7 0 0 0 3 0 2 0 2 0 0 0 4 0 0 0 0 3 0 0 0 4 0 0 0 0 0 0 3 1 3 1 3 0 0 0 0 0 2 1 2 1 0 0 0 2 81
2 2 2 0 0 1 1 0 0 2 0 0 1 3 0 0 3 0 2 0 0 1 2 1 3 1 2 7 0 2 0 0 0 0 2 0 3 0 1 0 0 1 0 0 0 4 5 0 0 0 0 1 0 2 0 1 2 3 1 0 3 2 2 2 127
1 0 7 0 7 0 0 1 4 3 0 0 1 0 1 0 0 0 0 0 0 3 0 1 1 0 6 0 0 6 0 0 3 1 3 3 0 0 0 2 0 5 1 2 0 3 2 0 3 3 2 0 0 6 0 0 4 0 0 3 0 4 0 0 86
1 0 2 0 1 1 0 0 1 1 3 0 0 1 2 0 1 7 6 0 1 1 0 0 0 0 4 0 0 3 2 3 7 0 0 2 5 2 0 6 5 0 0 1 0 0 3 0 3 0 0 0 3 3 0 1 0 0 0 0 0 0 0 0 81
4 0 0 0 0 2 0 0 0 0 7 1 0 0 0 2 0 2 6 0 1 2 0 0 7 3 0 1 0 0 0 0 0 0 1 4 0 1 3 0 1 0 0 0 2 0 0 1 0 0 0 0 2 2 0 0 0 1 0 0 0 4 0 2 99
0 0 0 0 0 0 0 1 2 0 2 0 4 0 0 0 0 0 0 0 1 0 4 2 0 0 0 7 0 0 0 2 1 0 2 3 2 1 0 0 0 2 1 0 4 1 0 1 4 0 0 0 0 0 0 4 0 0 2 1 0 0 1 2 89
0 1 0 5 2 0 1 3 0 0 0 5 0 1 4 0 0 0 0 0 0 0 0 2 0 0 0 3 4 2 0 0 0 3 0 0 1 0 2 0 1 0 3 2 3 0 5 1 0 0 1 1 0 1 6 0 7 0 0 0 0 1 2 2 96
0 2 0 0 0 1 0 2 0 1 6 4 4 3 0 2 5 2 0 0 0 0 0 0 0 0 0 0 5 0 3 0 0 4 3 0 0 3 0 4 0 0 0 7 0 0 0 0 0 0 5 0 0 4 0 1 1 0 3 0 0 2 2 1 75
0 0 0 5 7 0 2 1 0 1 0 2 0 7 0 0 4 3 0 0 5 0 1 2 2 3 0 0 1 1 1 0 0 0 2 3 0 7 0 0 3 5 5 0 0 2 0 0 4 0 0 1 2 0 0 0 1 0 1 0 2 1 4 0 101
0 0 0 0 0 4 0 0 0 0 0 0 0 0 0 0 1 3 0 5 0 1 0 1 0 0 0 0 3 0 0 3 0 0 0 0 4 7 5 0 0 0 0 1 3 2 0 0 0 0 0 5 1 3 1 0 7 0 0 0 0 0 0 1 85
5 5 0 3 0 1 0 3 0 0 2 0 0 0 3 1 2 0 0 1 0 0 3 2 0 0 1 0 0 0 4 4 0 2 0 4 2 0 0 0 3 1 0 0 2 4 0 1 4 2 2 0 0 0 7 0 0 2 0 0 1 0 0 1 98
0 0 0 0 0 0 0 0 0 2 1 1 0 0 0 0 0 3 1 1 1 3 0 0 4 0 0 3 3 0 2 0 0 0 1 0 0 0 0 2 0 3 0 0 4 3 2 1 7 0 1 1 0 0 1 3 2 0 1 1 0 0 2 2 106
0 0 0 3 1 0 0 0 6 7 3 0 0 0 0 0 0 1 4 0 5 3 0 0 0 3 0 3 0 0 0 2 0 2 0 2 0 0 2 2 0 0 0 2 0 0 0 0 7 2 1 0 3 2 3 0 0 1 0 4 0 0 1 2 94
0 1 3 2 0 0 1 2 1 6 0 2 3 2 0 0 0 0 4 0 0 6 7 0 0 0 0 0 0 0 0 1 0 3 2 0 1 1 0 0 0 4 5 3 5 5 3 0 1 4 1 0 0 5 2 2 1 4 0 0 1 2 0 0 55
0 1 3 0 0 0 0 0 3 2 0 0 1 2 7 4 0 3 3 1 0 0 0 0 0 0 1 0 0 0 0 2 0 0 0 4 0 0 0 0 2 1 0 5 0 1 0 0 0 0 2 0 7 1 2 2 0 0 0 3 0 0 0 3 82
1 2 0 6 0 0 0 1 1 0 5 3 4 4 0 1 0 0 7 1 1 0 2 4 2 5 2 0 5 0 4 2 0 0 0 2 0 0 3 0 4 3 0 0 1 0 0 0 3 4 0 0 0 2 3 1 3 0 2 0 0 0 0 0 88
0 5 0 0 3 2 3 0 6 1 0 0 0 0 1 2 0 1 2 6 0 0 7 0 0 0 2 0 2 0 0 2 0 1 0 1 0 0 1 0 2 0 0 0 0 0 0 0 0 2 0 0 0 1 0 2 0 0 4 3 7 5 1 3 80
3 3 0 7 7 0 0 0 0 0 6 0 0 3 1 0 6 4 6 1 0 1 3 1 0 0 0 0 2 3 4 2 0 2 0 2 0 2 0 0 0 0 3 0 0 0 0 0 0 2 0 0 1 0 2 0 0 0 1 0 0 5 0 0 77
0 0 0 0 0 0 0 5 0 4 0 0 4 0 0 0 0 0 2 0 0 0 0 0 0 1 0 1 0 0 0 0 0 7 0 0 1 3 6 0 2 0 0 0 0 0 1 1 0 1 2 0 0 6 5 2 0 0 4 1 3 0 0 0 92
6 0 0 0 0 0 5 0 0 0 0 0 0 0 0 3 3 7 2 0 2 1 0 0 0 0 5 5 2 1 1 4 5 0 4 0 7 2 2 0 0 7 0 0 5 2 2 0 0 2 4 1 0 0 0 2 0 0 0 1 1 1 3 0 85
0 5 0 0 2 2 7 4 4 0 2 0 3 2 0 3 0 0 3 0 1 0 0 5 4 0 4 0 0 1 3 0 2 7 1 2 2 4 0 0 1 4 0 3 0 3 2 0 0 3 0 1 0 1 0 1 3 3 0 1 0 0 0 4 94
0 5 0 4 0 2 0 0 1 1 6 0 4 0 0 0 1 3 2 0 5 2 2 3 0 0 2 4 0 0 0 1 7 0 0 1 0 4 0 0 0 4 0 0 0 2 0 0 6 0 6 3 1 0 3 0 0 1 0 0 3 7 0 0 83
0 4 0 5 2 0 0 6 0 7 7 0 2 0 5 0 0 3 0 0 0 1 0 0 0 6 0 0 2 0 0 3 1 2 2 0 0 2 0 3 1 0 5 0 3 0 3 4 0 2 0 6 0 0 0 0 0 4 0 2 0 3 4 0 72
2 0 1 0 0 0 2 1 0 0 0 0 0 7 0 1 0 0 2 1 0 0 2 0 0 0 3 0 3 2 0 3 0 2 3 0 0 0 0 0 0 2 0 1 1 0 0 0 0 0 0 4 1 0 0 2 0 1 0 1 0 0 0 3 123
0 1 0 0 0 1 1 0 0 0 3 0 0 0 0 4 0 0 2 0 2 5 0 0 0 1 0 0 3 3 0 0 0 2 0 0 2 3 1 7 0 0 1 2 0 3 0 3 0 0 3 1 0 1 1 1 1 0 0 1 0 0 1 0 105
0 4 3 0 3 0 2 0 0 0 4 5 2 1 0 4 0 0 0 0 0 7 0 4 4 0 6 0 0 0 3 0 0 5 0 0 2 0 1 0 0 5 0 6 1 4 1 2 2 1 2 0 3 0 1 2 0 0 0 0 2 1 0 0 84
